128
5
0.000087 0.999923 0.000010 0.000010 0.000010 
0.000010 0.341899 0.658111 0.000010 0.000010 
0.000010 0.000010 0.878745 0.121265 0.000010 
0.000010 0.000010 0.000012 0.983300 0.016708 
0.000010 0.000010 0.000010 0.000010 1.000000 
0.000010 0.000087 0.000010 0.000010 0.000010 0.000010 0.000010 0.000010 0.000010 0.000010 0.000010 0.000010 0.000010 0.000010 0.000010 0.000010 0.000010 0.000010 0.000010 0.000010 0.000010 0.000010 0.999923 0.000010 0.000010 0.000010 0.000010 0.000010 0.000010 0.000010 0.000010 0.000010 0.000010 0.000010 0.000010 0.000010 0.000010 0.000010 0.000010 0.000010 0.000010 0.000010 0.000010 0.000010 0.000010 0.000010 0.000010 0.000010 0.000010 0.000010 0.000010 0.000010 0.000010 0.000010 0.000010 0.000010 0.000010 0.000010 0.000010 0.000010 0.000010 0.000010 0.000010 0.000010 0.000010 0.000010 0.000010 0.000010 0.000010 0.000010 0.000010 0.000010 0.000010 0.000010 0.000010 0.000010 0.000010 0.000010 0.000010 0.000010 0.000010 0.000010 0.000010 0.000010 0.000010 0.000010 0.000010 0.000010 0.000010 0.000010 0.000010 0.000010 0.000010 0.000010 0.000010 0.000010 0.000010 0.000010 0.000010 0.000010 0.000010 0.000010 0.000010 0.000010 0.000010 0.000010 0.000010 0.000010 0.000010 0.000010 0.000010 0.000010 0.000010 0.000010 0.000010 0.000010 0.000010 0.000010 0.000010 0.000010 0.000010 0.000010 0.000010 0.000010 0.000010 0.000010 0.000010 0.000010 
0.000010 0.658060 0.012052 0.000010 0.000010 0.000010 0.000010 0.000010 0.000010 0.000010 0.000010 0.000010 0.000010 0.000010 0.000010 0.000010 0.000010 0.000010 0.000010 0.000010 0.000010 0.000010 0.000010 0.000010 0.000010 0.000010 0.000010 0.000010 0.000010 0.000010 0.000010 0.329906 0.000010 0.000010 0.000010 0.000010 0.000010 0.000010 0.000010 0.000010 0.000010 0.000010 0.000010 0.000010 0.000010 0.000010 0.000010 0.000010 0.000010 0.000010 0.000010 0.000010 0.000010 0.000010 0.000010 0.000010 0.000010 0.000010 0.000010 0.000010 0.000010 0.000010 0.000010 0.000010 0.000010 0.000010 0.000010 0.000010 0.000010 0.000010 0.000010 0.000010 0.000010 0.000010 0.000010 0.000010 0.000010 0.000010 0.000010 0.000010 0.000010 0.000010 0.000010 0.000010 0.000010 0.000010 0.000010 0.000010 0.000010 0.000010 0.000010 0.000010 0.000010 0.000010 0.000010 0.000010 0.000010 0.000010 0.000010 0.000010 0.000010 0.000012 0.000010 0.000010 0.000010 0.000010 0.000010 0.000010 0.000010 0.000010 0.000010 0.000010 0.000010 0.000010 0.000010 0.000010 0.000010 0.000010 0.000010 0.000010 0.000010 0.000010 0.000010 0.000010 0.000010 0.000010 0.000010 0.000010 
0.000010 0.000010 0.119032 0.121250 0.000010 0.577533 0.000010 0.000010 0.000010 0.000010 0.000010 0.000010 0.000010 0.000507 0.000010 0.000010 0.000010 0.000010 0.000010 0.000010 0.000010 0.000010 0.000010 0.000010 0.000010 0.000010 0.000010 0.000010 0.000010 0.000010 0.000010 0.060476 0.000010 0.000010 0.000010 0.000010 0.000010 0.000010 0.000010 0.000010 0.000010 0.000010 0.000010 0.000010 0.000010 0.000010 0.000010 0.000010 0.000010 0.000010 0.000010 0.000010 0.000010 0.000010 0.000010 0.000010 0.000010 0.000010 0.000010 0.000010 0.000010 0.000010 0.000010 0.000010 0.000010 0.000010 0.000010 0.000010 0.000010 0.000010 0.000010 0.000010 0.000010 0.000010 0.000010 0.000010 0.000010 0.000010 0.000010 0.000010 0.000010 0.000010 0.000010 0.000010 0.000010 0.000010 0.000010 0.000010 0.000010 0.000010 0.000010 0.000010 0.000010 0.000010 0.000010 0.000010 0.000010 0.000010 0.000010 0.000010 0.000010 0.121252 0.000010 0.000010 0.000010 0.000010 0.000010 0.000010 0.000010 0.000010 0.000010 0.000010 0.000010 0.000010 0.000010 0.000010 0.000010 0.000010 0.000010 0.000010 0.000010 0.000010 0.000010 0.000010 0.000010 0.000010 0.000010 0.000010 
0.016708 0.000010 0.000010 0.000010 0.000010 0.037355 0.004517 0.016707 0.016708 0.016708 0.016708 0.016708 0.033405 0.033337 0.000010 0.016708 0.016708 0.016708 0.016708 0.016708 0.016708 0.016708 0.017233 0.016708 0.033405 0.000010 0.033405 0.016708 0.016708 0.016708 0.016708 0.016707 0.033405 0.000010 0.016708 0.016708 0.016708 0.033404 0.016704 0.033367 0.008462 0.001685 0.000960 0.017427 0.000013 0.000010 0.016708 0.000010 0.016708 0.000010 0.000010 0.000010 0.000010 0.000010 0.000010 0.000010 0.000010 0.000010 0.000010 0.000010 0.000010 0.016708 0.010882 0.000010 0.000010 0.000010 0.000010 0.000010 0.000010 0.000010 0.000010 0.000010 0.000010 0.016708 0.000010 0.000010 0.000010 0.000010 0.000010 0.000010 0.016707 0.016708 0.000010 0.000010 0.016708 0.000010 0.000010 0.000010 0.000010 0.016708 0.000010 0.000010 0.000010 0.000010 0.000010 0.000010 0.000010 0.000010 0.000010 0.000010 0.016708 0.016707 0.000010 0.000010 0.000010 0.000010 0.016708 0.000010 0.000010 0.000010 0.000010 0.000010 0.000010 0.000010 0.000010 0.000010 0.000010 0.050103 0.000010 0.000010 0.033396 0.000010 0.016708 0.000010 0.000010 0.000010 0.000010 0.000010 
0.000010 0.000010 0.006489 0.000010 0.000010 0.000010 0.011219 0.000010 0.000010 0.000010 0.000010 0.006489 0.006489 0.000010 0.006489 0.000010 0.012968 0.012968 0.006489 0.000010 0.000010 0.000010 0.006285 0.000010 0.006489 0.006489 0.000010 0.006489 0.006489 0.000010 0.000010 0.000010 0.000010 0.006489 0.012968 0.012968 0.000010 0.006489 0.006490 0.000025 0.003209 0.005839 0.006120 0.006210 0.006488 0.012968 0.012968 0.012968 0.006489 0.012968 0.006489 0.006489 0.012968 0.006489 0.006489 0.012968 0.006489 0.006489 0.012968 0.006489 0.012968 0.006489 0.021707 0.006489 0.025926 0.006489 0.019447 0.006489 0.006489 0.012968 0.006489 0.006489 0.006489 0.019447 0.019447 0.012968 0.006489 0.012968 0.006489 0.006489 0.006489 0.012968 0.006489 0.006489 0.006489 0.006489 0.006489 0.006489 0.006489 0.006489 0.006489 0.012968 0.012968 0.012968 0.012968 0.006489 0.012968 0.006489 0.006489 0.025926 0.006489 0.006489 0.006489 0.006489 0.012968 0.012968 0.006489 0.006489 0.006489 0.006489 0.006489 0.006489 0.012968 0.012968 0.012968 0.006489 0.006489 0.012968 0.019447 0.012968 0.006492 0.012968 0.012968 0.006489 0.006489 0.006489 0.012968 0.012968 
1.000000 0.000010 0.000010 0.000010 0.000010 