128
5
0.004163 0.995846 0.000010 0.000010 0.000010 
0.000010 0.254523 0.745487 0.000010 0.000011 
0.000010 0.000011 0.753487 0.246522 0.000010 
0.000010 0.000010 0.000012 0.983423 0.016585 
0.000010 0.000010 0.000010 0.000012 0.999998 
0.995847 0.000010 0.000010 0.000010 0.000010 0.000010 0.000010 0.000010 0.000010 0.000010 0.000010 0.000010 0.000010 0.000010 0.000010 0.000010 0.000010 0.000010 0.000010 0.000010 0.000010 0.000010 0.000010 0.000010 0.000010 0.000010 0.000010 0.000010 0.000010 0.000010 0.000010 0.000010 0.000010 0.000010 0.000010 0.000010 0.000010 0.000010 0.000010 0.000010 0.000010 0.000010 0.000010 0.000010 0.000010 0.000010 0.000010 0.000010 0.000010 0.000010 0.000010 0.000010 0.000010 0.000010 0.000010 0.000010 0.000010 0.000010 0.000010 0.000010 0.000010 0.000010 0.000010 0.000010 0.000010 0.000010 0.000010 0.000010 0.000010 0.000010 0.000010 0.000010 0.000010 0.000010 0.000010 0.000010 0.000010 0.000010 0.000010 0.000010 0.000010 0.000010 0.000010 0.000010 0.000010 0.000010 0.000010 0.000010 0.000010 0.000010 0.000010 0.004163 0.000010 0.000010 0.000010 0.000010 0.000010 0.000010 0.000010 0.000010 0.000010 0.000010 0.000010 0.000010 0.000010 0.000010 0.000010 0.000010 0.000010 0.000010 0.000010 0.000010 0.000010 0.000010 0.000010 0.000010 0.000010 0.000010 0.000010 0.000010 0.000010 0.000010 0.000010 0.000010 0.000010 0.000010 0.000010 0.000010 
0.001401 0.000010 0.000061 0.000010 0.000010 0.000010 0.000010 0.000010 0.000010 0.000010 0.000010 0.000010 0.000010 0.000010 0.000010 0.000010 0.015009 0.000010 0.000010 0.000010 0.000010 0.000010 0.000010 0.000010 0.000010 0.000010 0.000010 0.000010 0.000010 0.000010 0.000010 0.000010 0.000010 0.000010 0.000010 0.000010 0.000010 0.000010 0.000010 0.000010 0.000010 0.000010 0.000010 0.000010 0.000010 0.000010 0.000010 0.000010 0.000010 0.000010 0.000010 0.000010 0.000010 0.000010 0.000010 0.000010 0.000010 0.000010 0.000010 0.000010 0.000010 0.000010 0.000010 0.000010 0.000010 0.000010 0.000010 0.000010 0.000010 0.000010 0.000010 0.000010 0.000010 0.000010 0.000010 0.000010 0.000010 0.000010 0.000010 0.000010 0.000010 0.000010 0.000010 0.000010 0.000010 0.000010 0.000010 0.000010 0.000010 0.000010 0.000010 0.742352 0.000010 0.000010 0.000010 0.241217 0.000010 0.000010 0.000010 0.000010 0.000010 0.000010 0.000010 0.000010 0.000010 0.000010 0.000010 0.000010 0.000010 0.000010 0.000010 0.000010 0.000010 0.000010 0.000010 0.000010 0.000010 0.000010 0.000010 0.000010 0.000010 0.000010 0.000010 0.000010 0.000010 0.000010 0.000010 0.000010 
0.000010 0.000010 0.246410 0.119422 0.000016 0.000010 0.000010 0.000010 0.000010 0.000010 0.000010 0.000010 0.000010 0.000010 0.000010 0.000010 0.241547 0.225900 0.000010 0.000010 0.000010 0.000010 0.000010 0.000010 0.000010 0.000010 0.000010 0.000010 0.000010 0.000010 0.000010 0.000010 0.000010 0.000010 0.000010 0.000010 0.000010 0.000010 0.000010 0.000010 0.000010 0.000010 0.000010 0.000010 0.000010 0.000010 0.000010 0.000010 0.000010 0.000010 0.000010 0.000010 0.000010 0.000010 0.000010 0.000010 0.000010 0.000010 0.000010 0.000010 0.000010 0.000010 0.000010 0.000010 0.000010 0.000010 0.000010 0.000010 0.000010 0.000010 0.000010 0.000010 0.000010 0.000010 0.000010 0.000010 0.000010 0.000010 0.000010 0.000010 0.000010 0.000010 0.000010 0.000010 0.000010 0.000010 0.000010 0.000010 0.000010 0.000010 0.000010 0.000021 0.000010 0.000010 0.000010 0.166743 0.000010 0.000010 0.000010 0.000010 0.000010 0.000010 0.000010 0.000010 0.000010 0.000010 0.000010 0.000010 0.000010 0.000010 0.000010 0.000010 0.000010 0.000010 0.000010 0.000010 0.000010 0.000010 0.000010 0.000010 0.000010 0.000010 0.000010 0.000010 0.000010 0.000010 0.000010 0.000010 
0.000010 0.000010 0.000015 0.074823 0.016577 0.033146 0.016578 0.033146 0.000010 0.016578 0.016578 0.016578 0.033146 0.016578 0.016583 0.033146 0.016577 0.017962 0.000010 0.016578 0.000010 0.000010 0.000010 0.016578 0.016578 0.000010 0.000010 0.000010 0.000353 0.033146 0.000010 0.000010 0.000012 0.000010 0.000010 0.000010 0.000010 0.000010 0.000010 0.000010 0.000010 0.000010 0.045626 0.000010 0.000010 0.000010 0.000010 0.000010 0.000010 0.016578 0.000010 0.000010 0.000010 0.000010 0.000010 0.000010 0.000010 0.000010 0.033146 0.000010 0.000010 0.016583 0.000010 0.016460 0.000010 0.000010 0.016578 0.000010 0.000010 0.000010 0.000010 0.000010 0.000010 0.016578 0.000010 0.016578 0.000010 0.000010 0.000010 0.000010 0.000010 0.016578 0.000010 0.016584 0.033151 0.000010 0.049703 0.016578 0.000010 0.000010 0.000010 0.016578 0.000010 0.049460 0.016578 0.001936 0.000010 0.000010 0.000010 0.016578 0.000010 0.000010 0.000010 0.033146 0.016578 0.016578 0.000010 0.000010 0.000010 0.016578 0.016578 0.000010 0.000010 0.000010 0.000010 0.000010 0.000010 0.031309 0.000010 0.000010 0.000010 0.000010 0.000010 0.000010 0.000010 0.016580 0.000010 0.000010 
0.024180 0.008067 0.000010 0.000010 0.000010 0.008067 0.000010 0.000010 0.004038 0.004038 0.016123 0.004038 0.012095 0.000010 0.004037 0.000010 0.000010 0.012095 0.004038 0.004038 0.008067 0.012095 0.012095 0.012095 0.000010 0.008067 0.008067 0.004038 0.003955 0.012095 0.012095 0.008067 0.020151 0.008067 0.004038 0.004038 0.008067 0.004038 0.004038 0.012095 0.012095 0.004038 0.009060 0.008067 0.004038 0.008067 0.008067 0.008067 0.004038 0.004038 0.008067 0.004038 0.008067 0.004038 0.004038 0.004038 0.004038 0.008067 0.008067 0.016123 0.008067 0.016122 0.008067 0.012124 0.004038 0.004038 0.004038 0.004038 0.004038 0.008067 0.012095 0.012095 0.016123 0.008067 0.012095 0.008067 0.008067 0.008067 0.004038 0.004038 0.016123 0.012095 0.008067 0.008065 0.004037 0.012095 0.004041 0.004038 0.008067 0.008067 0.008067 0.012095 0.008067 0.004100 0.008067 0.019683 0.004038 0.008067 0.012095 0.008067 0.012095 0.008067 0.012095 0.020151 0.008067 0.004038 0.008067 0.008067 0.004038 0.008067 0.004038 0.008067 0.008067 0.012095 0.004038 0.004038 0.004038 0.020598 0.008067 0.008067 0.004038 0.028208 0.008067 0.004038 0.004038 0.020151 0.004038 0.004038 
0.998134 0.001876 0.000010 0.000010 0.000010 