128
5
0.000010 1.000000 0.000010 0.000010 0.000010 
0.000010 0.001129 0.998881 0.000010 0.000010 
0.000010 0.000010 0.750006 0.250004 0.000010 
0.000010 0.000010 0.000012 0.992731 0.007277 
0.000010 0.000010 0.000010 0.000010 1.000000 
0.000010 0.000010 0.000010 0.000010 1.000000 0.000010 0.000010 0.000010 0.000010 0.000010 0.000010 0.000010 0.000010 0.000010 0.000010 0.000010 0.000010 0.000010 0.000010 0.000010 0.000010 0.000010 0.000010 0.000010 0.000010 0.000010 0.000010 0.000010 0.000010 0.000010 0.000010 0.000010 0.000010 0.000010 0.000010 0.000010 0.000010 0.000010 0.000010 0.000010 0.000010 0.000010 0.000010 0.000010 0.000010 0.000010 0.000010 0.000010 0.000010 0.000010 0.000010 0.000010 0.000010 0.000010 0.000010 0.000010 0.000010 0.000010 0.000010 0.000010 0.000010 0.000010 0.000010 0.000010 0.000010 0.000010 0.000010 0.000010 0.000010 0.000010 0.000010 0.000010 0.000010 0.000010 0.000010 0.000010 0.000010 0.000010 0.000010 0.000010 0.000010 0.000010 0.000010 0.000010 0.000010 0.000010 0.000010 0.000010 0.000010 0.000010 0.000010 0.000010 0.000010 0.000010 0.000010 0.000010 0.000010 0.000010 0.000010 0.000010 0.000010 0.000010 0.000010 0.000010 0.000010 0.000010 0.000010 0.000010 0.000010 0.000010 0.000010 0.000010 0.000010 0.000010 0.000010 0.000010 0.000010 0.000010 0.000010 0.000010 0.000010 0.000010 0.000010 0.000010 0.000010 0.000010 0.000010 0.000010 
0.000010 0.000056 0.000010 0.000010 0.001733 0.000010 0.000010 0.000010 0.000010 0.000010 0.000010 0.000010 0.000010 0.000010 0.000010 0.000010 0.000010 0.000010 0.000010 0.000010 0.000010 0.000010 0.000010 0.000010 0.000010 0.000010 0.000010 0.000010 0.998231 0.000010 0.000010 0.000010 0.000010 0.000010 0.000010 0.000010 0.000010 0.000010 0.000010 0.000010 0.000010 0.000010 0.000010 0.000010 0.000010 0.000010 0.000010 0.000010 0.000010 0.000010 0.000010 0.000010 0.000010 0.000010 0.000010 0.000010 0.000010 0.000010 0.000010 0.000010 0.000010 0.000010 0.000010 0.000010 0.000010 0.000010 0.000010 0.000010 0.000010 0.000010 0.000010 0.000010 0.000010 0.000010 0.000010 0.000010 0.000010 0.000010 0.000010 0.000010 0.000010 0.000010 0.000010 0.000010 0.000010 0.000010 0.000010 0.000010 0.000010 0.000010 0.000010 0.000010 0.000010 0.000010 0.000010 0.000010 0.000010 0.000010 0.000010 0.000010 0.000010 0.000010 0.000010 0.000010 0.000010 0.000010 0.000010 0.000010 0.000010 0.000010 0.000010 0.000010 0.000010 0.000010 0.000010 0.000010 0.000010 0.000010 0.000010 0.000010 0.000010 0.000010 0.000010 0.000010 0.000010 0.000010 0.000010 0.000010 
0.000010 0.249961 0.249944 0.000922 0.000010 0.000010 0.000010 0.000010 0.000010 0.000010 0.000010 0.000010 0.000010 0.000010 0.000010 0.000010 0.000010 0.000010 0.000010 0.000010 0.000010 0.000010 0.000010 0.000010 0.000010 0.000010 0.000010 0.000010 0.000176 0.000010 0.000010 0.000010 0.000010 0.000010 0.000010 0.000010 0.000010 0.000010 0.000010 0.000010 0.000010 0.000010 0.000010 0.000010 0.000010 0.000010 0.000010 0.000010 0.000010 0.000010 0.000010 0.000010 0.000010 0.000010 0.000010 0.000010 0.000010 0.000010 0.000010 0.000010 0.000010 0.000010 0.000010 0.000010 0.000010 0.000010 0.000010 0.000010 0.000010 0.000010 0.000010 0.000010 0.000010 0.000010 0.000010 0.000010 0.000010 0.000010 0.000010 0.000010 0.000010 0.000010 0.000010 0.000010 0.000010 0.000010 0.000010 0.000010 0.000010 0.000010 0.249973 0.000010 0.000010 0.000010 0.000010 0.000010 0.000010 0.000010 0.000010 0.000010 0.000010 0.000010 0.000010 0.000010 0.000010 0.000010 0.000010 0.000010 0.000010 0.000010 0.000010 0.000010 0.000010 0.000010 0.000010 0.000010 0.000010 0.000010 0.000010 0.000010 0.000010 0.000010 0.000010 0.000010 0.000010 0.000010 0.000010 0.249074 
0.007277 0.007276 0.000010 0.050852 0.014544 0.007277 0.014544 0.007277 0.007277 0.007277 0.021811 0.014544 0.014544 0.014544 0.014544 0.007277 0.018974 0.021811 0.000010 0.014544 0.000010 0.007277 0.007277 0.007277 0.036344 0.007277 0.007277 0.007277 0.014544 0.014544 0.014544 0.007277 0.007277 0.007277 0.007277 0.007277 0.007277 0.014544 0.007277 0.007277 0.014544 0.007277 0.007277 0.007277 0.007277 0.007277 0.007277 0.007277 0.007277 0.007277 0.007277 0.014544 0.007277 0.000010 0.007277 0.007277 0.007277 0.007277 0.007277 0.007277 0.014544 0.007277 0.021811 0.007277 0.007277 0.007277 0.007277 0.000010 0.007277 0.007277 0.014514 0.000034 0.000010 0.000010 0.007277 0.000010 0.000010 0.000010 0.000010 0.007277 0.007277 0.000010 0.007277 0.007277 0.007277 0.014544 0.000010 0.007277 0.014544 0.007277 0.007276 0.007277 0.007277 0.021811 0.000010 0.007277 0.000010 0.021811 0.000010 0.000010 0.007277 0.000010 0.007277 0.007277 0.007277 0.000010 0.000010 0.007277 0.007277 0.000010 0.021811 0.007277 0.000010 0.000010 0.007277 0.000010 0.000010 0.014544 0.000010 0.007277 0.000010 0.007277 0.000010 0.000010 0.007277 0.000010 0.007284 0.000035 
0.000010 0.008529 0.000010 0.000010 0.017047 0.000010 0.000010 0.008529 0.000010 0.000010 0.008529 0.000010 0.000010 0.000010 0.008529 0.000010 0.011854 0.000010 0.008529 0.000010 0.008529 0.000010 0.000010 0.000010 0.008529 0.008529 0.000010 0.000010 0.008529 0.000010 0.008529 0.000010 0.000010 0.000010 0.000010 0.000010 0.017047 0.008529 0.000010 0.000010 0.000010 0.008529 0.000010 0.000010 0.008529 0.000010 0.000010 0.000010 0.000010 0.000010 0.008529 0.000010 0.008529 0.008529 0.000010 0.008529 0.000010 0.000010 0.000010 0.000010 0.017047 0.008529 0.017047 0.008529 0.000010 0.000010 0.000010 0.008529 0.000010 0.000010 0.000044 0.025537 0.017047 0.008529 0.017047 0.008529 0.008529 0.008529 0.008529 0.017047 0.000010 0.017047 0.008529 0.017047 0.008529 0.017047 0.008529 0.017047 0.008529 0.017047 0.017047 0.017047 0.017047 0.017047 0.008529 0.008529 0.008529 0.008529 0.008529 0.017047 0.017047 0.017047 0.025566 0.017047 0.008529 0.017047 0.025566 0.017047 0.008529 0.025566 0.000010 0.008529 0.017047 0.017047 0.008529 0.008529 0.008529 0.008529 0.008529 0.025566 0.008529 0.017047 0.025566 0.008529 0.000010 0.008529 0.017039 0.008529 
0.998275 0.001735 0.000010 0.000010 0.000010 