128
5
0.000011 0.999999 0.000010 0.000010 0.000010 
0.000010 0.102955 0.897055 0.000010 0.000010 
0.000010 0.000010 0.754676 0.245334 0.000010 
0.000010 0.000010 0.000010 0.979680 0.020330 
0.000010 0.000010 0.000010 0.000010 1.000000 
0.999999 0.000010 0.000010 0.000010 0.000010 0.000010 0.000010 0.000010 0.000011 0.000010 0.000010 0.000010 0.000010 0.000010 0.000010 0.000010 0.000010 0.000010 0.000010 0.000010 0.000010 0.000010 0.000010 0.000010 0.000010 0.000010 0.000010 0.000010 0.000010 0.000010 0.000010 0.000010 0.000010 0.000010 0.000010 0.000010 0.000010 0.000010 0.000010 0.000010 0.000010 0.000010 0.000010 0.000010 0.000010 0.000010 0.000010 0.000010 0.000010 0.000010 0.000010 0.000010 0.000010 0.000010 0.000010 0.000010 0.000010 0.000010 0.000010 0.000010 0.000010 0.000010 0.000010 0.000010 0.000010 0.000010 0.000010 0.000010 0.000010 0.000010 0.000010 0.000010 0.000010 0.000010 0.000010 0.000010 0.000010 0.000010 0.000010 0.000010 0.000010 0.000010 0.000010 0.000010 0.000010 0.000010 0.000010 0.000010 0.000010 0.000010 0.000010 0.000010 0.000010 0.000010 0.000010 0.000010 0.000010 0.000010 0.000010 0.000010 0.000010 0.000010 0.000010 0.000010 0.000010 0.000010 0.000010 0.000010 0.000010 0.000010 0.000010 0.000010 0.000010 0.000010 0.000010 0.000010 0.000010 0.000010 0.000010 0.000010 0.000010 0.000010 0.000010 0.000010 0.000010 0.000010 0.000010 0.000010 
0.005218 0.098096 0.000010 0.000010 0.000010 0.000010 0.000010 0.000010 0.896477 0.000010 0.000010 0.000010 0.000010 0.000010 0.000010 0.000010 0.000010 0.000010 0.000010 0.000010 0.000010 0.000010 0.000010 0.000010 0.000010 0.000010 0.000010 0.000010 0.000010 0.000010 0.000010 0.000010 0.000010 0.000010 0.000010 0.000010 0.000010 0.000010 0.000010 0.000010 0.000010 0.000010 0.000010 0.000010 0.000010 0.000010 0.000010 0.000010 0.000010 0.000010 0.000010 0.000010 0.000010 0.000010 0.000010 0.000010 0.000010 0.000010 0.000010 0.000010 0.000010 0.000010 0.000010 0.000010 0.000010 0.000010 0.000010 0.000010 0.000010 0.000010 0.000010 0.000010 0.000010 0.000010 0.000010 0.000010 0.000010 0.000010 0.000010 0.000010 0.000010 0.000240 0.000010 0.000010 0.000010 0.000010 0.000010 0.000010 0.000010 0.000010 0.000010 0.000010 0.000010 0.000010 0.000010 0.000010 0.000010 0.000010 0.000010 0.000010 0.000010 0.000010 0.000010 0.000010 0.000010 0.000010 0.000010 0.000010 0.000010 0.000010 0.000010 0.000010 0.000010 0.000010 0.000010 0.000010 0.000010 0.000010 0.000010 0.000010 0.000010 0.000010 0.000010 0.000010 0.000010 0.000010 0.000010 0.000010 
0.000012 0.218506 0.245301 0.052256 0.000011 0.000010 0.000010 0.000010 0.000170 0.000010 0.000010 0.000010 0.000010 0.000010 0.000010 0.000010 0.000010 0.000010 0.000010 0.000010 0.000010 0.000010 0.000010 0.000010 0.000010 0.000010 0.000010 0.000010 0.000010 0.000010 0.000010 0.000010 0.000010 0.000010 0.000010 0.000010 0.000010 0.000010 0.000010 0.000010 0.000010 0.000010 0.000010 0.000010 0.000010 0.000010 0.000010 0.000010 0.000010 0.000010 0.000010 0.000010 0.000010 0.000010 0.000010 0.000010 0.000010 0.000010 0.000010 0.000010 0.000010 0.000010 0.000010 0.000010 0.000010 0.000010 0.000010 0.000010 0.000010 0.000010 0.000010 0.000010 0.000010 0.000010 0.000010 0.000010 0.000010 0.000010 0.000010 0.000010 0.000010 0.245267 0.000010 0.000010 0.000010 0.000010 0.000010 0.000010 0.000010 0.000010 0.000010 0.000010 0.000010 0.000010 0.000010 0.238548 0.000010 0.000010 0.000010 0.000010 0.000010 0.000010 0.000010 0.000010 0.000010 0.000010 0.000010 0.000010 0.000010 0.000010 0.000010 0.000010 0.000010 0.000010 0.000010 0.000010 0.000010 0.000010 0.000010 0.000010 0.000010 0.000010 0.000010 0.000010 0.000010 0.000010 0.000010 0.000010 
0.020328 0.000264 0.000013 0.097271 0.020328 0.020328 0.020328 0.000010 0.020328 0.020328 0.000010 0.000010 0.020328 0.020328 0.020328 0.040078 0.040645 0.000010 0.020328 0.000010 0.040645 0.040645 0.017455 0.000010 0.000010 0.000010 0.020328 0.000010 0.020328 0.000010 0.000010 0.000010 0.000010 0.000010 0.000010 0.000010 0.000010 0.000010 0.000010 0.000010 0.000010 0.020328 0.020328 0.000010 0.040645 0.000010 0.000010 0.000010 0.000010 0.000010 0.000010 0.000010 0.000010 0.001165 0.000010 0.020328 0.000010 0.000010 0.000010 0.000010 0.000010 0.020328 0.020328 0.000010 0.000010 0.000010 0.000010 0.000010 0.020328 0.000010 0.000010 0.000010 0.040645 0.000010 0.000010 0.030635 0.000010 0.020328 0.000010 0.000010 0.000010 0.000010 0.000010 0.000010 0.000010 0.000010 0.000010 0.000010 0.000010 0.000010 0.000010 0.020328 0.020328 0.020328 0.020328 0.000572 0.000010 0.000010 0.000010 0.020328 0.000010 0.000010 0.000010 0.000010 0.000010 0.000010 0.000010 0.020328 0.000010 0.000010 0.020328 0.000010 0.000010 0.000010 0.000010 0.000010 0.000010 0.000014 0.000010 0.020328 0.000010 0.040645 0.000010 0.000010 0.000010 0.000010 0.000010 0.020233 
0.023123 0.003814 0.003862 0.000010 0.000010 0.003862 0.000010 0.042383 0.000010 0.011566 0.003862 0.003862 0.011566 0.000010 0.000010 0.007822 0.015418 0.011566 0.003862 0.003862 0.003862 0.000010 0.004407 0.007714 0.007714 0.003862 0.007714 0.011566 0.011566 0.007714 0.007714 0.011566 0.007714 0.007714 0.003862 0.007714 0.007714 0.003862 0.007714 0.007714 0.003862 0.023122 0.023122 0.007714 0.015418 0.007714 0.003862 0.007714 0.007714 0.003862 0.003862 0.015418 0.007714 0.015199 0.019270 0.011566 0.007714 0.007714 0.003862 0.003862 0.003862 0.007714 0.003862 0.003862 0.003862 0.003862 0.007714 0.007714 0.003862 0.015418 0.003862 0.007714 0.007714 0.007714 0.007714 0.021168 0.019270 0.007714 0.003862 0.003862 0.011566 0.011566 0.007714 0.003862 0.007714 0.003862 0.007714 0.007714 0.003862 0.007714 0.011566 0.007714 0.003862 0.007714 0.007714 0.007714 0.011566 0.007714 0.003862 0.011566 0.011566 0.003862 0.015418 0.011566 0.007714 0.011566 0.015418 0.000010 0.003862 0.003862 0.003862 0.011566 0.011566 0.003862 0.003862 0.003862 0.003862 0.007713 0.003862 0.011566 0.003862 0.000010 0.003862 0.003862 0.019270 0.011566 0.007714 0.003880 
0.994189 0.005815 0.000015 0.000010 0.000010 