
128
5
0.000010 0.999999 0.000011 0.000010 0.000010 
0.000010 0.092877 0.907133 0.000010 0.000010 
0.000010 0.000010 0.785566 0.214444 0.000010 
0.000010 0.000010 0.000010 0.976486 0.023524 
0.000010 0.000010 0.000010 0.000010 1.000000 
0.000010 0.000010 0.000010 0.000010 0.000010 0.000010 0.000010 0.000010 0.000010 0.000010 0.000010 0.000010 0.000010 0.000010 0.000010 0.000010 0.000010 0.000010 0.000010 0.000010 0.000010 0.000010 0.000010 0.000010 0.000010 0.000010 0.000010 0.000010 0.000010 0.000010 0.000010 0.000010 0.000010 0.000010 0.000010 0.000010 0.000010 0.000010 0.000010 0.000010 0.000010 0.000010 0.000010 0.000010 0.000010 0.000010 0.000010 0.000010 0.000010 0.000010 0.000010 0.000010 0.000010 0.000010 0.000010 0.000010 0.000010 0.000010 0.000010 0.000010 0.000010 0.000010 0.000010 0.000010 0.000010 0.000010 0.000010 0.000010 0.000010 0.000010 0.000010 0.000010 0.000010 0.000010 0.000010 0.000010 0.000010 0.000010 0.000010 0.000010 0.000010 0.000010 0.000010 0.000010 0.000010 0.000010 0.000010 0.000010 0.000010 0.000010 0.000010 0.000010 0.000010 0.000010 0.000010 0.000010 0.000010 0.000010 0.000010 0.000010 0.000010 0.000010 0.000010 0.000010 0.000010 0.000010 0.000010 0.000010 0.000010 0.000010 0.000010 0.000010 0.000010 0.000010 0.000010 0.000010 0.000010 0.000010 0.000010 0.000010 0.000010 0.000010 0.000010 0.000010 0.000010 1.000000 0.000010 0.000010 
0.000010 0.901977 0.000035 0.000010 0.000010 0.000010 0.000010 0.000010 0.000010 0.000010 0.000010 0.000010 0.000010 0.000010 0.000010 0.000010 0.000010 0.000010 0.000010 0.000010 0.000010 0.000010 0.000010 0.000010 0.000010 0.000010 0.000010 0.000010 0.000010 0.000010 0.000010 0.000010 0.000010 0.000010 0.000010 0.000010 0.000010 0.000010 0.000010 0.000010 0.000010 0.000010 0.000010 0.000010 0.000010 0.000010 0.000010 0.000010 0.000010 0.000010 0.000010 0.000010 0.000010 0.000010 0.000010 0.000010 0.000010 0.000010 0.000010 0.000010 0.000010 0.000010 0.000010 0.000010 0.000010 0.000010 0.065112 0.000010 0.000010 0.000010 0.000010 0.000010 0.000010 0.000010 0.000010 0.000010 0.000010 0.000010 0.000010 0.000010 0.000010 0.000010 0.000010 0.000010 0.000010 0.000010 0.000010 0.000010 0.000010 0.000010 0.000010 0.000010 0.000010 0.000010 0.000010 0.000010 0.000010 0.000010 0.000010 0.000010 0.000010 0.000010 0.000010 0.000010 0.000010 0.000010 0.000010 0.000010 0.000010 0.000010 0.000010 0.000010 0.000010 0.000010 0.000010 0.000010 0.000010 0.000010 0.000010 0.000010 0.000010 0.000010 0.000010 0.000010 0.000010 0.032907 0.000010 0.000010 
0.000010 0.001229 0.214436 0.000010 0.000010 0.157465 0.000010 0.000010 0.000010 0.000010 0.000010 0.000010 0.000010 0.213425 0.000010 0.000010 0.000010 0.000010 0.000010 0.000010 0.000010 0.000010 0.000010 0.000010 0.000010 0.000010 0.000010 0.000010 0.000010 0.000010 0.000010 0.000010 0.000010 0.000010 0.000010 0.000010 0.000010 0.000010 0.000010 0.000010 0.000010 0.000010 0.000010 0.000010 0.000010 0.000010 0.000010 0.000010 0.000010 0.000010 0.000010 0.000010 0.000010 0.000010 0.000010 0.000010 0.000010 0.000010 0.000010 0.000010 0.000010 0.000010 0.000010 0.000010 0.000010 0.000010 0.199053 0.000010 0.000010 0.000010 0.000010 0.000010 0.000010 0.000010 0.000010 0.000010 0.000010 0.000010 0.000010 0.000010 0.000010 0.000010 0.000010 0.000010 0.000010 0.000010 0.000010 0.000010 0.000010 0.000010 0.000010 0.000010 0.000010 0.000010 0.000010 0.000010 0.000010 0.000010 0.000010 0.000010 0.000010 0.000010 0.000010 0.000010 0.000010 0.000010 0.000010 0.000010 0.000010 0.000010 0.000010 0.000010 0.000010 0.000010 0.000010 0.000010 0.214442 0.000010 0.000010 0.000010 0.000010 0.000010 0.000010 0.000010 0.000010 0.000010 0.000010 0.000010 
0.023523 0.000010 0.000010 0.000010 0.000010 0.147334 0.000010 0.023523 0.023523 0.023523 0.023523 0.023523 0.047035 0.000121 0.023523 0.023523 0.023523 0.023523 0.023523 0.023523 0.023523 0.023523 0.023523 0.023523 0.023523 0.023523 0.047035 0.023505 0.008142 0.000210 0.000010 0.000010 0.000010 0.000010 0.047036 0.000010 0.000010 0.000010 0.000010 0.000010 0.000010 0.000010 0.000010 0.000010 0.000010 0.000010 0.000010 0.000010 0.000010 0.000010 0.000010 0.023523 0.023523 0.000010 0.000010 0.000010 0.000010 0.000010 0.000010 0.000010 0.000010 0.000010 0.000010 0.000010 0.023523 0.000010 0.000010 0.000010 0.000010 0.000010 0.000010 0.000010 0.000010 0.000010 0.000010 0.023524 0.000010 0.000010 0.000010 0.000010 0.000010 0.000010 0.000010 0.023523 0.023524 0.000010 0.000010 0.000010 0.000010 0.000010 0.000010 0.000010 0.000010 0.000010 0.000010 0.000010 0.000010 0.000010 0.000010 0.000010 0.000010 0.000010 0.023523 0.000010 0.000010 0.000010 0.000010 0.023523 0.044814 0.000010 0.000010 0.000010 0.000010 0.000010 0.000010 0.000010 0.000010 0.000010 0.000010 0.000010 0.000010 0.000010 0.000010 0.023523 0.000010 0.000010 0.000010 0.000010 
0.000010 0.005700 0.000010 0.011390 0.000010 0.000010 0.011390 0.005700 0.005700 0.000010 0.000010 0.000010 0.000010 0.011390 0.000010 0.005700 0.011390 0.017080 0.005700 0.000010 0.000010 0.000010 0.000010 0.000010 0.000010 0.005700 0.011390 0.000014 0.009422 0.017032 0.017080 0.005700 0.011390 0.005700 0.011390 0.017080 0.005700 0.005700 0.011390 0.005700 0.005700 0.005700 0.005700 0.017080 0.005700 0.017080 0.011390 0.011390 0.011390 0.011390 0.005700 0.011390 0.000010 0.005700 0.011390 0.011390 0.017080 0.017080 0.011390 0.005700 0.005700 0.005700 0.011390 0.011390 0.000010 0.005700 0.005700 0.005700 0.011390 0.005700 0.011390 0.011390 0.005700 0.005700 0.005700 0.011390 0.011390 0.011390 0.005700 0.011390 0.011390 0.017080 0.022771 0.011390 0.005700 0.011390 0.005700 0.005700 0.005700 0.011390 0.005700 0.005700 0.005700 0.005700 0.005700 0.005700 0.011390 0.005700 0.011390 0.005700 0.011390 0.011390 0.011390 0.011390 0.017080 0.005700 0.005700 0.011390 0.006238 0.005700 0.005700 0.005700 0.005700 0.005700 0.005700 0.005700 0.005700 0.005700 0.017080 0.011390 0.011390 0.005700 0.011390 0.000010 0.005700 0.005700 0.017080 0.005700 
0.963736 0.036274 0.000010 0.000010 0.000010 